$ 1 0.0000049999999999999996 10.20027730826997 50 5 50 5e-11
R 0 -96 -32 -96 0 0 40 6 0 0 0.5
f 96 -32 96 -96 41 1.5 0.02
w 80 -96 32 -96 0
r 608 96 608 176 0 180
g 608 256 608 288 0 0
w 608 256 608 176 0
w 608 96 608 64 0
w 608 64 608 -32 0
s 432 240 512 240 0 1 false
R 512 240 576 240 0 0 40 3.3 0 0 0.5
b 441 -53 663 261 0
p 464 16 512 16 3 0 0 10000000
g 512 16 528 16 0 0
f 144 240 96 240 32 1.5 0.02
g 96 256 96 288 0 0
w 0 -96 32 -96 0
w 608 -32 608 -96 0
w 144 240 320 240 0
w 96 224 96 144 0
r 0 16 0 96 0 10000
w 0 -96 0 16 0
w 0 96 0 144 0
w 96 144 0 144 0
w 96 -32 96 144 0
s 128 16 224 16 0 1 true
w 416 16 464 16 0
d 240 16 304 16 2 1N5712
d 240 16 240 -96 2 1N5712
w 112 -96 240 -96 0
w 352 -96 608 -96 0
w 240 16 224 16 0
w 128 16 0 16 0
w 352 -96 240 -96 0
w 432 240 320 240 0
w 368 16 416 16 0
g 368 144 368 176 0 0
r 304 16 368 16 0 1000
34 zener-2.7 1 1.7143528192810002e-7 0 2.0000000000000084 2.7 1
z 368 144 368 16 2 zener-2.7
r 416 16 416 128 0 10000
g 416 128 416 176 0 0
o 11 64 0 4098 5 0.1 0 1
